last_change = 2024-07-12T20:38:25.188836Z
addr = 0xecd9d0
size = 0x2728

[stack_vars.-0x198]
last_change = 2024-07-12T20:38:25.188836Z
offset = -408
name = "var_178"
type = "float"
size = 0x4
addr = 0xecd9d0
