last_change = 2024-07-12T20:22:40.990790Z
addr = 0xefdd30
size = 0x892

[stack_vars.-0x100]
last_change = 2024-07-12T20:22:40.990790Z
offset = -256
name = "var_E0"
type = "CVector"
size = 0xc
addr = 0xefdd30
