last_change = 2024-07-12T20:38:27.626002Z
addr = 0xf1d890
size = 0x2150

[stack_vars.-0xc0]
last_change = 2024-07-12T20:38:27.626002Z
offset = -192
name = "var_B8"
type = "long long[2]"
size = 0x10
addr = 0xf1d890
