last_change = 2024-07-12T20:38:03.605332Z
addr = 0xf1d890
size = 0x2150

[stack_vars.-0xe8]
last_change = 2024-07-12T20:38:03.605332Z
offset = -232
name = "var_E0"
type = "float"
size = 0x4
addr = 0xf1d890
