last_change = 2024-07-12T20:38:27.636004Z
addr = 0xf1d890
size = 0x2150

[stack_vars.-0xa0]
last_change = 2024-07-12T20:38:27.636004Z
offset = -160
name = "var_98"
type = "float *"
size = 0x8
addr = 0xf1d890
