last_change = 2024-07-12T16:09:57.193394Z
addr = 0xf2ab50
size = 0x33c

[stack_vars.-0xe8]
last_change = 2024-07-12T16:09:57.193394Z
offset = -232
name = "var_D8"
type = "CRect"
size = 0x10
addr = 0xf2ab50
