last_change = 2024-07-12T22:47:58.277589Z
addr = 0xf32aa0
size = 0x31fb

[stack_vars.-0x118]
last_change = 2024-07-12T22:47:58.277589Z
offset = -280
name = "sectionName"
type = "char[8]"
size = 0x8
addr = 0xf32aa0
