last_change = 2024-07-13T02:25:10.361756Z
addr = 0xf35ca0
size = 0x27d0

[stack_vars.-0xc8]
last_change = 2024-07-13T02:25:10.361756Z
offset = -200
name = "var_C0"
type = "CMatrix"
size = 0x50
addr = 0xf35ca0
