last_change = 2024-07-12T20:38:27.628002Z
addr = 0xf42320
size = 0x2354

[stack_vars.-0xa8]
last_change = 2024-07-12T20:38:27.628002Z
offset = -168
name = "var_A0"
type = "unsigned long long"
size = 0x8
addr = 0xf42320
