last_change = 2024-07-12T04:28:57.201281Z
addr = 0xf5cb30
size = 0xbb6

[stack_vars.-0x1d0]
last_change = 2024-07-12T04:28:57.201281Z
offset = -464
name = "px"
type = "long long"
size = 0x8
addr = 0xf5cb30
