last_change = 2024-07-12T04:28:57.200281Z
addr = 0xf88010
size = 0xbe0

[stack_vars.-0x188]
last_change = 2024-07-12T04:28:57.200281Z
offset = -392
name = "var_160"
type = "float *"
size = 0x8
addr = 0xf88010
