last_change = 2024-07-12T20:38:03.627337Z
addr = 0xf95610
size = 0xb9

[stack_vars.-0x10]
last_change = 2024-07-12T20:38:03.627337Z
offset = -16
name = "arg_0"
type = "float"
size = 0x4
addr = 0xf95610
