last_change = 2024-07-12T20:38:27.640005Z
addr = 0xf9d850
size = 0x1a0

[stack_vars.0x0]
last_change = 2024-07-12T20:38:27.640005Z
offset = 0x0
name = "arg_20"
type = "int"
size = 0x4
addr = 0xf9d850
