last_change = 2024-07-12T20:38:03.633338Z
addr = 0xf97de0
size = 0x2c38

[stack_vars.-0xb8]
last_change = 2024-07-12T20:38:03.633338Z
offset = -184
name = "z"
type = "float"
size = 0x4
addr = 0xf97de0
