last_change = 2024-07-12T20:38:12.481043Z
addr = 0xfa7aa0
size = 0xa3f

[stack_vars.-0x120]
last_change = 2024-07-12T20:38:12.481043Z
offset = -288
name = "a5"
type = "int"
size = 0x4
addr = 0xfa7aa0
