last_change = 2024-07-12T20:38:12.486043Z
addr = 0xfb9430
size = 0x1e7

[stack_vars.-0x18]
last_change = 2024-07-12T20:38:12.486043Z
offset = -24
name = "arg_18"
type = "float"
size = 0x4
addr = 0xfb9430
