last_change = 2024-07-12T16:19:37.577671Z
addr = 0x102e300
size = 0x10ab

[stack_vars.-0x18]
last_change = 2024-07-12T16:19:37.577671Z
offset = -24
name = "nColor"
type = "unsigned char"
size = 0x1
addr = 0x102e300
