last_change = 2024-07-12T16:00:31.960100Z
addr = 0x102d5b0
size = 0x51e

[stack_vars.-0x3f0]
last_change = 2024-07-12T16:00:31.960100Z
offset = -1008
name = "szText"
type = "char[800]"
size = 0x320
addr = 0x102d5b0
