last_change = 2024-07-12T16:00:31.959099Z
addr = 0x102d5b0
size = 0x51e

[stack_vars.-0x3f0]
last_change = 2024-07-12T16:00:31.959099Z
offset = -1008
name = "var_3E8"
type = "char[800]"
size = 0x320
addr = 0x102d5b0
