last_change = 2024-07-12T16:19:36.561538Z
addr = 0x102add0
size = 0x1b3

[stack_vars.0x0]
last_change = 2024-07-12T16:19:36.561538Z
offset = 0x0
name = "nColor"
type = "CRGBA"
size = 0x4
addr = 0x102add0
