last_change = 2024-07-12T16:19:37.576670Z
addr = 0x102e300
size = 0x10ab

[stack_vars.-0x18]
last_change = 2024-07-12T16:19:37.576670Z
offset = -24
name = "arg_0"
type = "unsigned char"
size = 0x1
addr = 0x102e300
