last_change = 2024-07-12T20:22:12.271088Z
addr = 0x103da20
size = 0x80e

[stack_vars.-0x100]
last_change = 2024-07-12T20:22:12.271088Z
offset = -256
name = "var_F0"
type = "long long"
size = 0x8
addr = 0x103da20
