last_change = 2024-07-12T16:09:57.193394Z
addr = 0x10317a0
size = 0x54f

[stack_vars.-0x8a0]
last_change = 2024-07-12T16:09:57.193394Z
offset = -2208
name = "coords"
type = "CRect"
size = 0x10
addr = 0x10317a0
