last_change = 2024-07-12T04:26:29.034816Z
addr = 0x103f180
size = 0x14f

[stack_vars.-0x8]
last_change = 2024-07-12T04:26:29.034816Z
offset = -8
name = "arg_28"
type = "unsigned int"
size = 0x4
addr = 0x103f180
