last_change = 2024-07-12T20:22:39.465914Z
addr = 0x103da20
size = 0x80e

[stack_vars.-0x100]
last_change = 2024-07-12T20:22:39.465914Z
offset = -256
name = "type"
type = "long long"
size = 0x8
addr = 0x103da20
