last_change = 2024-07-12T16:10:00.115401Z
addr = 0x104e3d0
size = 0x245

[stack_vars.0x0]
last_change = 2024-07-12T16:10:00.115401Z
offset = 0x0
name = "fadeState"
type = "int"
size = 0x4
addr = 0x104e3d0
