last_change = 2024-07-12T16:10:00.116402Z
addr = 0x104e3d0
size = 0x245

[stack_vars.-0x60]
last_change = 2024-07-12T16:10:00.116402Z
offset = -96
name = "var_58"
type = "CRect"
size = 0x10
addr = 0x104e3d0
