last_change = 2024-07-12T16:19:38.054436Z
addr = 0x105f300
size = 0xbcd

[stack_vars.-0x338]
last_change = 2024-07-12T16:16:55.719337Z
offset = -824
name = "pPos"
type = "CRect"
size = 0x10
addr = 0x105f300

[stack_vars.-0x348]
last_change = 2024-07-12T16:19:38.054436Z
offset = -840
name = "var_320"
type = "CRGBA"
size = 0x4
addr = 0x105f300
