last_change = 2024-07-12T16:10:00.120402Z
addr = 0x105cc10
size = 0x22c9

[stack_vars.-0x1760]
last_change = 2024-07-12T16:10:00.120402Z
offset = -5984
name = "var_1738"
type = "long long"
size = 0x8
addr = 0x105cc10
