last_change = 2024-07-12T16:10:00.118402Z
addr = 0x105cc10
size = 0x22c9

[stack_vars.-0x176c]
last_change = 2024-07-12T16:10:00.118402Z
offset = -5996
name = "titleKey"
type = "long long"
size = 0x8
addr = 0x105cc10
