last_change = 2024-07-12T16:11:34.701108Z
addr = 0x1057b40
size = 0xd1c

[stack_vars.-0x620]
last_change = 2024-07-12T16:11:34.701108Z
offset = -1568
name = "var_5F8"
type = "CRect *"
size = 0x8
addr = 0x1057b40
