last_change = 2024-07-12T16:02:08.770273Z
addr = 0x1057b40
size = 0xd1c

[stack_vars.-0x620]
last_change = 2024-07-12T16:02:08.770273Z
offset = -1568
name = "var_5F8"
type = "float *"
size = 0x8
addr = 0x1057b40
