last_change = 2024-07-12T16:16:55.494944Z
addr = 0x105f300
size = 0xbcd

[stack_vars.-0x338]
last_change = 2024-07-12T16:16:55.494944Z
offset = -824
name = "var_310"
type = "CRect"
size = 0x10
addr = 0x105f300
