last_change = 2024-07-12T16:16:24.615089Z
addr = 0x105f300
size = 0xbcd

[stack_vars.-0x338]
last_change = 2024-07-12T16:16:24.615089Z
offset = -824
name = "var_310"
type = "signed int[4]"
size = 0x10
addr = 0x105f300
