last_change = 2024-07-12T16:21:21.829627Z
addr = 0x105ffa0
size = 0x21f

[stack_vars.-0x70]
last_change = 2024-07-12T16:21:21.829627Z
offset = -112
name = "var_58"
type = "_QWORD[8]"
size = 0x40
addr = 0x105ffa0
