last_change = 2024-07-12T16:16:24.613088Z
addr = 0x105f300
size = 0xbcd

[stack_vars.-0x338]
last_change = 2024-07-12T16:16:24.613088Z
offset = -824
name = "y"
type = "signed int[4]"
size = 0x10
addr = 0x105f300
