last_change = 2024-07-12T16:10:00.119402Z
addr = 0x105cc10
size = 0x22c9

[stack_vars.-0x16e8]
last_change = 2024-07-12T16:10:00.119402Z
offset = -5864
name = "coords"
type = "__int128"
size = 0x10
addr = 0x105cc10
