last_change = 2024-07-12T16:10:00.117401Z
addr = 0x105cc10
size = 0x22c9

[stack_vars.-0x1730]
last_change = 2024-07-12T16:10:00.117401Z
offset = -5936
name = "var_1708"
type = "short"
size = 0x2
addr = 0x105cc10
