last_change = 2024-07-12T16:10:01.555509Z
addr = 0x1063060
size = 0xfaf

[stack_vars.-0x217]
last_change = 2024-07-12T16:10:01.555509Z
offset = -535
name = "var_1EC"
type = "short"
size = 0x2
addr = 0x1063060
