last_change = 2024-07-12T16:10:01.543507Z
addr = 0x10601c0
size = 0x2d6

[stack_vars.-0x898]
last_change = 2024-07-12T16:10:01.543507Z
offset = -2200
name = "titleKey"
type = "char[4]"
size = 0x4
addr = 0x10601c0
