last_change = 2024-07-12T16:21:21.827626Z
addr = 0x10617e0
size = 0x65b

[stack_vars.-0xd0]
last_change = 2024-07-12T16:21:21.827626Z
offset = -208
name = "var_B0"
type = "_QWORD[8]"
size = 0x40
addr = 0x10617e0
