last_change = 2024-07-12T16:00:33.510904Z
addr = 0x1060b40
size = 0x4dd

[stack_vars.-0x108]
last_change = 2024-07-12T16:00:33.510904Z
offset = -264
name = "szText"
type = "char[40]"
size = 0x28
addr = 0x1060b40
