last_change = 2024-07-12T16:10:01.554509Z
addr = 0x1063060
size = 0xfaf

[stack_vars.-0x21b]
last_change = 2024-07-12T16:10:01.554509Z
offset = -539
name = "var_1F0"
type = "short"
size = 0x2
addr = 0x1063060
