last_change = 2024-07-12T16:19:38.294490Z
addr = 0x1063060
size = 0xfaf

[stack_vars.-0x8]
last_change = 2024-07-12T16:10:36.658603Z
offset = -8
name = "a"
type = "short"
size = 0x2
addr = 0x1063060

[stack_vars.-0x18]
last_change = 2024-07-12T16:19:38.294490Z
offset = -24
name = "nColor"
type = "unsigned int"
size = 0x4
addr = 0x1063060
