last_change = 2024-07-12T16:19:40.046636Z
addr = 0x1065460
size = 0x161d

[stack_vars.-0x388]
last_change = 2024-07-12T16:19:40.046636Z
offset = -904
name = "var_360"
type = "CRGBA"
size = 0x4
addr = 0x1065460
