last_change = 2024-07-12T16:19:40.603641Z
addr = 0x106bca0
size = 0xe74

[stack_vars.-0x138]
last_change = 2024-07-12T16:19:40.603641Z
offset = -312
name = "nColor"
type = "CRGBA[2]"
size = 0x8
addr = 0x106bca0
