last_change = 2024-07-12T16:10:01.553510Z
addr = 0x1063060
size = 0xfaf

[stack_vars.-0x1fb]
last_change = 2024-07-12T16:10:01.553510Z
offset = -507
name = "coords"
type = "CRect"
size = 0x10
addr = 0x1063060
