last_change = 2024-07-12T16:10:01.552509Z
addr = 0x1063060
size = 0xfaf

[stack_vars.0x0]
last_change = 2024-07-12T16:10:01.552509Z
offset = 0x0
name = "arg_18"
type = "short"
size = 0x2
addr = 0x1063060
