last_change = 2024-07-12T16:10:01.542506Z
addr = 0x1063060
size = 0xfaf

[stack_vars.-0xb]
last_change = 2024-07-12T16:10:01.542506Z
offset = -11
name = "arg_10"
type = "short"
size = 0x2
addr = 0x1063060
