last_change = 2024-07-13T02:26:11.832315Z
addr = 0x1076510
size = 0x68b

[stack_vars.-0x140]
last_change = 2024-07-13T02:26:11.832315Z
offset = -320
name = "var_100"
type = "CMatrix"
size = 0x50
addr = 0x1076510
