last_change = 2024-07-12T16:10:01.557510Z
addr = 0x1070650
size = 0x6f7

[stack_vars.-0xb]
last_change = 2024-07-12T16:10:01.557510Z
offset = -11
name = "fadeState"
type = "short"
size = 0x2
addr = 0x1070650
