last_change = 2024-07-12T16:10:01.553510Z
addr = 0x1070650
size = 0x6f7

[stack_vars.-0x3]
last_change = 2024-07-12T16:10:01.553510Z
offset = -3
name = "titleKey"
type = "short"
size = 0x2
addr = 0x1070650
