last_change = 2024-07-12T16:19:40.978793Z
addr = 0x1070e40
size = 0xb0b

[stack_vars.-0x158]
last_change = 2024-07-12T16:19:40.978793Z
offset = -344
name = "nColor"
type = "unsigned int"
size = 0x4
addr = 0x1070e40
