last_change = 2024-07-12T20:38:12.494045Z
addr = 0x109b250
size = 0x6c4

[stack_vars.-0x18]
last_change = 2024-07-12T20:38:12.494045Z
offset = -24
name = "arg_0"
type = "float"
size = 0x4
addr = 0x109b250
