last_change = 2024-07-13T02:26:14.549146Z
addr = 0x109fcf0
size = 0x3ed

[stack_vars.-0x198]
last_change = 2024-07-13T02:26:14.549146Z
offset = -408
name = "var_178"
type = "CMatrix"
size = 0x50
addr = 0x109fcf0
