last_change = 2024-07-13T02:26:11.838316Z
addr = 0x109f0d0
size = 0x6b8

[stack_vars.-0x158]
last_change = 2024-07-13T02:26:11.838316Z
offset = -344
name = "var_138"
type = "CMatrix"
size = 0x50
addr = 0x109f0d0
