last_change = 2024-07-12T20:38:12.492044Z
addr = 0x1097c20
size = 0x72c

[stack_vars.-0x128]
last_change = 2024-07-12T20:38:12.492044Z
offset = -296
name = "a4"
type = "float"
size = 0x4
addr = 0x1097c20
