last_change = 2024-07-12T16:00:33.519906Z
addr = 0x10a0c90
size = 0x341

[stack_vars.-0x258]
last_change = 2024-07-12T16:00:33.519906Z
offset = -600
name = "szText"
type = "char[512]"
size = 0x200
addr = 0x10a0c90
