last_change = 2024-07-12T20:38:12.504048Z
addr = 0x10d3b30
size = 0x46e

[stack_vars.-0x8]
last_change = 2024-07-12T20:38:12.504048Z
offset = -8
name = "arg_10"
type = "float"
size = 0x4
addr = 0x10d3b30
