last_change = 2024-07-12T20:38:12.510049Z
addr = 0x10e15b0
size = 0x630

[stack_vars.0x0]
last_change = 2024-07-12T20:38:12.510049Z
offset = 0x0
name = "arg_0"
type = "float"
size = 0x4
addr = 0x10e15b0
