last_change = 2024-07-12T20:22:12.725363Z
addr = 0x10f7490
size = 0x740

[stack_vars.-0xc8]
last_change = 2024-07-12T20:22:12.725363Z
offset = -200
name = "nrm_y"
type = "float"
size = 0x4
addr = 0x10f7490
