last_change = 2024-07-12T20:22:12.721293Z
addr = 0x10f1fa0
size = 0x27e

[stack_vars.-0x98]
last_change = 2024-07-12T20:22:12.721293Z
offset = -152
name = "posna"
type = "CVector"
size = 0xc
addr = 0x10f1fa0
