last_change = 2024-07-12T20:22:12.727883Z
addr = 0x10f7490
size = 0x740

[stack_vars.-0xf8]
last_change = 2024-07-12T20:22:12.727883Z
offset = -248
name = "b"
type = "unsigned char"
size = 0x1
addr = 0x10f7490
