last_change = 2024-07-12T20:22:40.994791Z
addr = 0x10f1fa0
size = 0x27e

[stack_vars.-0x118]
last_change = 2024-07-12T20:22:40.994791Z
offset = -280
name = "var_D8"
type = "float"
size = 0x4
addr = 0x10f1fa0
