last_change = 2024-07-12T20:22:12.723838Z
addr = 0x10f7490
size = 0x740

[stack_vars.-0x78]
last_change = 2024-07-12T20:22:12.723838Z
offset = -120
name = "var_50"
type = "CVector"
size = 0xc
addr = 0x10f7490
