last_change = 2024-07-12T20:22:12.730884Z
addr = 0x10f7490
size = 0x740

[stack_vars.-0x100]
last_change = 2024-07-12T20:22:12.730884Z
offset = -256
name = "var_D8"
type = "unsigned char"
size = 0x1
addr = 0x10f7490
