last_change = 2024-07-12T20:22:12.724856Z
addr = 0x10f7490
size = 0x740

[stack_vars.-0x78]
last_change = 2024-07-12T20:22:12.724856Z
offset = -120
name = "posna"
type = "CVector"
size = 0xc
addr = 0x10f7490
