last_change = 2024-07-12T20:22:12.729884Z
addr = 0x10f7490
size = 0x740

[stack_vars.-0xc0]
last_change = 2024-07-12T20:22:12.729884Z
offset = -192
name = "var_98"
type = "float"
size = 0x4
addr = 0x10f7490
