last_change = 2024-07-12T20:38:27.651007Z
addr = 0x1117d00
size = 0xfc

[stack_vars.0x0]
last_change = 2024-07-12T20:38:27.651007Z
offset = 0x0
name = "arg_18"
type = "float"
size = 0x4
addr = 0x1117d00
