last_change = 2024-07-12T20:38:27.645006Z
addr = 0x1117d00
size = 0xfc

[stack_vars.-0x10]
last_change = 2024-07-12T20:38:27.645006Z
offset = -16
name = "arg_8"
type = "int"
size = 0x4
addr = 0x1117d00
