last_change = 2024-07-12T20:38:12.513049Z
addr = 0x1117f20
size = 0x325

[stack_vars.-0x180]
last_change = 2024-07-12T20:38:12.513049Z
offset = -384
name = "var_140"
type = "float"
size = 0x4
addr = 0x1117f20
