last_change = 2024-07-12T20:38:12.515050Z
addr = 0x1170960
size = 0x776

[stack_vars.-0x18]
last_change = 2024-07-12T20:38:12.515050Z
offset = -24
name = "a4"
type = "long long"
size = 0x8
addr = 0x1170960
