last_change = 2024-07-13T02:26:15.082508Z
addr = 0x1194180
size = 0x11ec

[stack_vars.-0x2c0]
last_change = 2024-07-13T02:26:14.587154Z
offset = -704
name = "m"
type = "CMatrix"
size = 0x50
addr = 0x1194180

[stack_vars.-0x188]
last_change = 2024-07-13T02:26:15.082508Z
offset = -392
name = "var_180"
type = "CMatrix"
size = 0x50
addr = 0x1194180
