last_change = 2024-07-13T02:26:14.584154Z
addr = 0x1194180
size = 0x11ec

[stack_vars.-0x2c0]
last_change = 2024-07-13T02:26:14.584154Z
offset = -704
name = "var_2B8"
type = "CMatrix"
size = 0x50
addr = 0x1194180
