last_change = 2024-07-12T20:38:12.521051Z
addr = 0x11d7540
size = 0xc0c

[stack_vars.-0x10]
last_change = 2024-07-12T20:38:12.521051Z
offset = -16
name = "arg_0"
type = "float"
size = 0x4
addr = 0x11d7540
