last_change = 2024-07-12T20:38:12.520051Z
addr = 0x11d6180
size = 0xe55

[stack_vars.-0x8]
last_change = 2024-07-12T20:38:12.520051Z
offset = -8
name = "arg_10"
type = "float"
size = 0x4
addr = 0x11d6180
