last_change = 2024-07-12T20:38:12.523052Z
addr = 0x11d8150
size = 0x740

[stack_vars.-0x18]
last_change = 2024-07-12T20:38:12.523052Z
offset = -24
name = "arg_0"
type = "float"
size = 0x4
addr = 0x11d8150
