last_change = 2024-07-12T20:38:12.517050Z
addr = 0x11d6180
size = 0xe55

[stack_vars.-0x18]
last_change = 2024-07-12T20:38:12.517050Z
offset = -24
name = "arg_0"
type = "int"
size = 0x4
addr = 0x11d6180
