last_change = 2024-07-12T20:38:27.650006Z
addr = 0x11d7540
size = 0xc0c

[stack_vars.0x0]
last_change = 2024-07-12T20:38:27.650006Z
offset = 0x0
name = "arg_10"
type = "int"
size = 0x4
addr = 0x11d7540
