last_change = 2024-07-12T20:38:27.647007Z
addr = 0x11d8150
size = 0x740

[stack_vars.0x0]
last_change = 2024-07-12T20:38:27.647007Z
offset = 0x0
name = "arg_18"
type = "int"
size = 0x4
addr = 0x11d8150
