last_change = 2024-07-13T02:25:40.413525Z
addr = 0x120ed60
size = 0x51a

[stack_vars.-0x178]
last_change = 2024-07-13T02:25:40.413525Z
offset = -376
name = "var_160"
type = "long long"
size = 0x8
addr = 0x120ed60
