last_change = 2024-07-12T20:38:12.530053Z
addr = 0x1205f00
size = 0x7d9

[stack_vars.-0x198]
last_change = 2024-07-12T20:38:12.530053Z
offset = -408
name = "var_180"
type = "int"
size = 0x4
addr = 0x1205f00
