last_change = 2024-07-13T02:25:12.794764Z
addr = 0x120ed60
size = 0x51a

[stack_vars.-0xc8]
last_change = 2024-07-13T02:25:12.794764Z
offset = -200
name = "out"
type = "CMatrix"
size = 0x50
addr = 0x120ed60
