last_change = 2024-07-12T20:38:27.652008Z
addr = 0x1201390
size = 0x9b6

[stack_vars.-0x8]
last_change = 2024-07-12T20:38:27.652008Z
offset = -8
name = "arg_10"
type = "long long"
size = 0x8
addr = 0x1201390
