last_change = 2024-07-13T02:25:12.797766Z
addr = 0x120ed60
size = 0x51a

[stack_vars.-0xc8]
last_change = 2024-07-13T02:25:12.797766Z
offset = -200
name = "var_B0"
type = "CMatrix"
size = 0x50
addr = 0x120ed60
