last_change = 2024-07-12T20:38:27.657009Z
addr = 0x1205f00
size = 0x7d9

[stack_vars.-0x158]
last_change = 2024-07-12T20:38:27.657009Z
offset = -344
name = "var_140"
type = "long long"
size = 0x8
addr = 0x1205f00
