last_change = 2024-07-12T20:38:27.654008Z
addr = 0x1205f00
size = 0x7d9

[stack_vars.-0x190]
last_change = 2024-07-12T20:38:27.654008Z
offset = -400
name = "var_178"
type = "int *"
size = 0x8
addr = 0x1205f00
