last_change = 2024-07-12T20:38:27.655008Z
addr = 0x1205f00
size = 0x7d9

[stack_vars.-0x174]
last_change = 2024-07-12T20:38:27.655008Z
offset = -372
name = "var_15C"
type = "int[3]"
size = 0xc
addr = 0x1205f00
