last_change = 2024-07-13T02:25:12.800766Z
addr = 0x120ed60
size = 0x51a

[stack_vars.-0x128]
last_change = 2024-07-13T02:25:12.800766Z
offset = -296
name = "var_110"
type = "CQuaternion"
size = 0x10
addr = 0x120ed60
