last_change = 2024-07-12T20:38:12.535054Z
addr = 0x1205f00
size = 0x7d9

[stack_vars.-0x178]
last_change = 2024-07-12T20:38:12.535054Z
offset = -376
name = "var_160"
type = "float"
size = 0x4
addr = 0x1205f00
