last_change = 2024-07-12T20:38:27.649007Z
addr = 0x1201390
size = 0x9b6

[stack_vars.-0x158]
last_change = 2024-07-12T20:38:27.649007Z
offset = -344
name = "var_130"
type = "int"
size = 0x4
addr = 0x1201390
