last_change = 2024-07-13T02:25:40.418527Z
addr = 0x1217b50
size = 0xc24

[stack_vars.-0x1d8]
last_change = 2024-07-13T02:25:40.418527Z
offset = -472
name = "var_1B0"
type = "CMatrix"
size = 0x50
addr = 0x1217b50
