last_change = 2024-07-12T20:38:25.194837Z
addr = 0x121e480
size = 0x394

[stack_vars.-0x98]
last_change = 2024-07-12T20:38:25.194837Z
offset = -152
name = "a6"
type = "long long"
size = 0x8
addr = 0x121e480
