last_change = 2024-07-12T20:38:12.541056Z
addr = 0x121f410
size = 0x756

[stack_vars.-0x168]
last_change = 2024-07-12T20:38:12.541056Z
offset = -360
name = "var_130"
type = "int"
size = 0x4
addr = 0x121f410
