last_change = 2024-07-12T20:38:25.189837Z
addr = 0x121e480
size = 0x394

[stack_vars.-0x78]
last_change = 2024-07-12T20:38:25.189837Z
offset = -120
name = "var_48"
type = "int"
size = 0x4
addr = 0x121e480
