last_change = 2024-07-12T20:38:27.660009Z
addr = 0x121ed90
size = 0x4a9

[stack_vars.-0x148]
last_change = 2024-07-12T20:38:27.660009Z
offset = -328
name = "var_140"
type = "int"
size = 0x4
addr = 0x121ed90
