last_change = 2024-07-12T20:38:12.548057Z
addr = 0x121f410
size = 0x756

[stack_vars.-0x190]
last_change = 2024-07-12T20:38:12.548057Z
offset = -400
name = "var_158"
type = "float"
size = 0x4
addr = 0x121f410
