last_change = 2024-07-12T20:38:27.653008Z
addr = 0x121ed90
size = 0x4a9

[stack_vars.-0x170]
last_change = 2024-07-12T20:38:27.653008Z
offset = -368
name = "var_168"
type = "int *"
size = 0x8
addr = 0x121ed90
