last_change = 2024-07-12T20:38:12.540055Z
addr = 0x121ed90
size = 0x4a9

[stack_vars.-0x160]
last_change = 2024-07-12T20:38:12.540055Z
offset = -352
name = "var_158"
type = "float"
size = 0x4
addr = 0x121ed90
