last_change = 2024-07-13T02:25:12.806768Z
addr = 0x1228560
size = 0x1749

[stack_vars.-0x218]
last_change = 2024-07-13T02:25:12.806768Z
offset = -536
name = "out"
type = "CMatrix"
size = 0x50
addr = 0x1228560
