last_change = 2024-07-12T20:38:12.552058Z
addr = 0x1224870
size = 0x554

[stack_vars.-0x10]
last_change = 2024-07-12T20:38:12.552058Z
offset = -16
name = "arg_0"
type = "float"
size = 0x4
addr = 0x1224870
