last_change = 2024-07-12T20:38:12.542056Z
addr = 0x1220930
size = 0x11d8

[stack_vars.-0x110]
last_change = 2024-07-12T20:38:12.542056Z
offset = -272
name = "var_108"
type = "float"
size = 0x4
addr = 0x1220930
