last_change = 2024-07-12T20:38:12.553058Z
addr = 0x123f300
size = 0x1887

[stack_vars.-0x190]
last_change = 2024-07-12T20:38:12.553058Z
offset = -400
name = "var_160"
type = "float"
size = 0x4
addr = 0x123f300
