last_change = 2024-07-12T20:44:11.673299Z
addr = 0x12339e0
size = 0x562

[stack_vars.-0x158]
last_change = 2024-07-12T20:44:11.673299Z
offset = -344
name = "a2"
type = "CText *"
size = 0x8
addr = 0x12339e0
