last_change = 2024-07-12T20:44:11.672298Z
addr = 0x12339e0
size = 0x562

[stack_vars.-0x158]
last_change = 2024-07-12T20:44:11.672298Z
offset = -344
name = "var_118"
type = "CText *"
size = 0x8
addr = 0x12339e0
