last_change = 2024-07-12T20:38:12.558060Z
addr = 0x123f300
size = 0x1887

[stack_vars.-0x198]
last_change = 2024-07-12T20:38:12.558060Z
offset = -408
name = "y"
type = "float"
size = 0x4
addr = 0x123f300
