last_change = 2024-07-12T20:38:12.554059Z
addr = 0x123f300
size = 0x1887

[stack_vars.-0x194]
last_change = 2024-07-12T20:38:12.554059Z
offset = -404
name = "var_164"
type = "float"
size = 0x4
addr = 0x123f300
