last_change = 2024-07-12T20:38:14.790573Z
addr = 0x124fae0
size = 0x62d

[stack_vars.-0x108]
last_change = 2024-07-12T20:38:14.790573Z
offset = -264
name = "x"
type = "float"
size = 0x4
addr = 0x124fae0
