last_change = 2024-07-12T20:38:12.559059Z
addr = 0x1242370
size = 0x781

[stack_vars.-0x18]
last_change = 2024-07-12T20:38:12.559059Z
offset = -24
name = "arg_0"
type = "float"
size = 0x4
addr = 0x1242370
