last_change = 2024-07-12T20:38:14.776570Z
addr = 0x124e5b0
size = 0xb13

[stack_vars.-0x248]
last_change = 2024-07-12T20:38:14.776570Z
offset = -584
name = "var_220"
type = "unsigned long long"
size = 0x8
addr = 0x124e5b0
