last_change = 2024-07-12T20:38:12.560060Z
addr = 0x1242370
size = 0x781

[stack_vars.-0x18]
last_change = 2024-07-12T20:38:12.560060Z
offset = -24
name = "a4"
type = "float"
size = 0x4
addr = 0x1242370
