last_change = 2024-07-12T20:38:12.560060Z
addr = 0x1242370
size = 0x781

[stack_vars.-0x8]
last_change = 2024-07-12T20:38:12.560060Z
offset = -8
name = "arg_10"
type = "int"
size = 0x4
addr = 0x1242370
