last_change = 2024-07-12T20:38:14.785572Z
addr = 0x124e5b0
size = 0xb13

[stack_vars.-0x238]
last_change = 2024-07-12T20:38:14.785572Z
offset = -568
name = "a4"
type = "float"
size = 0x4
addr = 0x124e5b0
