last_change = 2024-07-12T20:38:23.637977Z
addr = 0x1251880
size = 0xab

[stack_vars.-0x8]
last_change = 2024-07-12T20:38:23.637977Z
offset = -8
name = "bUnderWater"
type = "char"
size = 0x1
addr = 0x1251880
