last_change = 2024-07-12T20:38:17.337226Z
addr = 0x1251880
size = 0xab

[stack_vars.0x0]
last_change = 2024-07-12T20:38:17.337226Z
offset = 0x0
name = "a6"
type = "int"
size = 0x4
addr = 0x1251880
