last_change = 2024-07-12T20:38:27.366817Z
addr = 0x1251520
size = 0x35a

[stack_vars.0x0]
last_change = 2024-07-12T20:38:27.366817Z
offset = 0x0
name = "arg_28"
type = "int"
size = 0x4
addr = 0x1251520
