last_change = 2024-07-12T20:38:27.363816Z
addr = 0x1251520
size = 0x35a

[stack_vars.-0x8]
last_change = 2024-07-12T20:38:27.363816Z
offset = -8
name = "arg_20"
type = "float"
size = 0x4
addr = 0x1251520
