last_change = 2024-07-12T04:28:59.850568Z
addr = 0x1262330
size = 0xdc7

[stack_vars.-0x190]
last_change = 2024-07-12T04:28:59.850568Z
offset = -400
name = "var_158"
type = "float *"
size = 0x8
addr = 0x1262330
