last_change = 2024-07-12T20:38:14.800575Z
addr = 0x1267a20
size = 0x4e0

[stack_vars.-0xf8]
last_change = 2024-07-12T20:38:14.800575Z
offset = -248
name = "var_F0"
type = "int"
size = 0x4
addr = 0x1267a20
