last_change = 2024-07-12T20:38:14.802576Z
addr = 0x1267a20
size = 0x4e0

[stack_vars.-0x108]
last_change = 2024-07-12T20:38:14.802576Z
offset = -264
name = "var_100"
type = "long long"
size = 0x8
addr = 0x1267a20
