last_change = 2024-07-12T15:52:33.853297Z
addr = 0x17fa270
size = 0x3cf

[stack_vars.-0x1c0]
last_change = 2024-07-12T15:52:33.853297Z
offset = -448
name = "var_1C0"
type = "double"
size = 0x8
addr = 0x17fa270
