last_change = 2024-07-12T16:59:52.709878Z
addr = 0x1dda750
size = 0x1df

[stack_vars.0x0]
last_change = 2024-07-12T16:59:52.709878Z
offset = 0x0
name = "arg_20"
type = "long long"
size = 0x8
addr = 0x1dda750
