last_change = 2024-07-12T16:59:55.427977Z
addr = 0x1ddac10
size = 0x28d

[stack_vars.0x0]
last_change = 2024-07-12T16:59:55.427977Z
offset = 0x0
name = "arg_30"
type = "long long"
size = 0x8
addr = 0x1ddac10
