last_change = 2024-07-12T16:59:52.717878Z
addr = 0x1dda930
size = 0x2df

[stack_vars.0x0]
last_change = 2024-07-12T16:59:52.717878Z
offset = 0x0
name = "arg_98"
type = "long long"
size = 0x8
addr = 0x1dda930
