last_change = 2024-07-12T15:52:34.255942Z
addr = 0x3b15280
size = 0xad1

[stack_vars.-0x240]
last_change = 2024-07-12T15:52:34.255942Z
offset = -576
name = "var_208"
type = "int"
size = 0x4
addr = 0x3b15280
