last_change = 2024-07-12T16:21:21.957655Z
addr = 0x3c34a50
size = 0xe2

[stack_vars.-0x28]
last_change = 2024-07-12T16:21:21.957655Z
offset = -40
name = "var_28"
type = "_QWORD[5]"
size = 0x28
addr = 0x3c34a50
