last_change = 2024-07-12T16:21:21.958655Z
addr = 0x3c34c50
size = 0x501

[stack_vars.-0xa8]
last_change = 2024-07-12T16:21:21.958655Z
offset = -168
name = "var_80"
type = "char[32]"
size = 0x20
addr = 0x3c34c50
